

Time: 4.812795

Time: 4.398122

Time: 15.67957